zoom= 34.300049
rotx= 15.500000
roty= 43.500000
tx= -0.700000
ty= -0.549990
lastx= 800.000000
lasty= 1054.000000
zoomStep= 0.100000
panStep= 0.050000
ROTATION= 0.000000