zoom= 192.249969
rotx= 21.500000
roty= -51.000000
tx= 0.050000
ty= -0.800000
lastx= 0.000000
lasty= 0.000000
zoomStep= 0.050000
panStep= 0.050000
ROTATION= 0.000000