zoom= 1008.199890
rotx= 15.500000
roty= 43.500000
tx= 0.000000
ty= -70.000000
lastx= 0.000000
lasty= 0.000000
zoomStep= 0.100000
panStep= 0.050000
ROTATION= 0.000000