zoom= 178.650024
rotx= 5.000000
roty= 38.500000
tx= 0.600000
ty= -6.250000
lastx= 0.000000
lasty= 0.000000
zoomStep= 0.050000
panStep= 0.050000
ROTATION= 0.000000
