zoom= 315.750214
rotx= 19.500000
roty= -30.000000
tx= -0.199997
ty= -2.899998
lastx= 0.000000
lasty= 0.000000
zoomStep= 0.050000
panStep= 0.050000
ROTATION= 0.000000
		